10000000019	10000000033	10000000061	10000000069	10000000097	10000000103	10000000121	10000000141	10000000147	10000000207
10000000259	10000000277	10000000279	10000000319	10000000343	10000000391	10000000403	10000000469	10000000501	10000000537
10000000583	10000000589	10000000597	10000000601	10000000631	10000000643	10000000649	10000000667	10000000679	10000000711
10000000723	10000000741	10000000753	10000000793	10000000799	10000000807	10000000877	10000000883	10000000889	10000000949
10000000963	10000000991	10000000993	10000000999	10000001041	10000001047	10000001051	10000001057	10000001087	10000001101
10000001113	10000001117	10000001153	10000001159	10000001251	10000001371	10000001377	10000001383	10000001411	10000001419
10000001437	10000001441	10000001467	10000001471	10000001519	10000001533	10000001551	10000001593	10000001623	10000001651
10000001659	10000001677	10000001689	10000001707	10000001723	10000001743	10000001747	10000001797	10000001813	10000001861
10000001873	10000001899	10000001941	10000001959	10000001969	10000001989	10000002011	10000002037	10000002071	10000002113
10000002143	10000002263	10000002277	10000002323	10000002349	10000002403	10000002407	10000002451	10000002521	10000002527
10000002553	10000002563	10000002589	10000002641	10000002647	10000002653	10000002671	10000002697	10000002703	10000002707
10000002713	10000002737	10000002743	10000002757	10000002773	10000002781	10000002827	10000002851	10000002907	10000002931
10000002937	10000002941	10000002959	10000002967	10000002977	10000002983	10000003001	10000003003	10000003019	10000003021
10000003087	10000003099	10000003103	10000003129	10000003141	10000003147	10000003171	10000003187	10000003199	10000003229
10000003231	10000003267	10000003289	10000003303	10000003337	10000003339	10000003369	10000003441	10000003451	10000003499
10000003523	10000003543	10000003547	10000003577	10000003613	10000003661	10000003667	10000003679	10000003697	10000003711
10000003723	10000003787	10000003807	10000003859	10000003931	10000003957	10000004033	10000004039	10000004071	10000004089
10000004117	10000004137	10000004153	10000004167	10000004173	10000004227	10000004237	10000004279	10000004297	10000004309
10000004351	10000004359	10000004407	10000004461	10000004477	10000004527	10000004557	10000004611	10000004633	10000004659
10000004687	10000004701	10000004713	10000004771	10000004797	10000004821	10000004827	10000004851	10000004857	10000004873
10000004891	10000004897	10000004951	10000004957	10000005139	10000005143	10000005161	10000005163	10000005209	10000005227
10000005283	10000005289	10000005347	10000005361	10000005371	10000005427	10000005467	10000005479	10000005487	10000005551
10000005553	10000005569	10000005583	10000005611	10000005629	10000005641	10000005661	10000005677	10000005703	10000005773
10000005809	10000005811	10000005839	10000005889	10000005937	10000005973	10000006069	10000006103	10000006117	10000006139
10000006151	10000006157	10000006187	10000006207	10000006267	10000006279	10000006283	10000006301	10000006307	10000006327
10000006349	10000006351	10000006411	10000006417	10000006433	10000006439	10000006453	10000006469	10000006501	10000006531
10000006561	10000006591	10000006633	10000006637	10000006727	10000006733	10000006777	10000006787	10000006817	10000006823
10000006829	10000006837	10000006847	10000006889	10000006921	10000006931	10000006949	10000006957	10000006967	10000006979
10000006997	10000007011	10000007023	10000007027	10000007033	10000007047	10000007077	10000007119	10000007153	10000007197
10000007209	10000007221	10000007243	10000007293	10000007317	10000007327	10000007333	10000007341	10000007371	10000007387
10000007399	10000007429	10000007441	10000007443	10000007473	10000007491	10000007513	10000007557	10000007569	10000007627
10000007663	10000007669	10000007761	10000007777	10000007837	10000007861	10000007893	10000007921	10000007939	10000007957
10000007981	10000008043	10000008059	10000008077	10000008089	10000008101	10000008113	10000008121	10000008163	10000008203
10000008217	10000008229	10000008307	10000008341	10000008409	10000008443	10000008467	10000008521	10000008559	10000008581
10000008593	10000008619	10000008643	10000008661	10000008713	10000008791	10000008803	10000008827	10000008853	10000008857
10000008871	10000008881	10000008911	10000008913	10000008961	10000008983	10000009009	10000009021	10000009031	10000009039
10000009049	10000009051	10000009081	10000009139	10000009157	10000009169	10000009177	10000009181	10000009189	10000009193
10000009231	10000009247	10000009249	10000009259	10000009267	10000009289	10000009309	10000009333	10000009367	10000009373
10000009423	10000009427	10000009469	10000009489	10000009519	10000009559	10000009571	10000009589	10000009597	10000009601
10000009639	10000009673	10000009687	10000009703	10000009763	10000009777	10000009783	10000009793	10000009847	10000009931
10000009937	10000009951	10000009961	10000009973	10000009993	10000009997	10000010071	10000010077	10000010089	10000010117
10000010149	10000010177	10000010201	10000010203	10000010221	10000010227	10000010257	10000010263	10000010291	10000010309
10000010323	10000010329	10000010333	10000010341	10000010369	10000010381	10000010389	10000010459	10000010483	10000010497
10000010509	10000010551	10000010561	10000010567	10000010591	10000010639	10000010651	10000010681	10000010687	10000010689
10000010693	10000010747	10000010791	10000010807	10000010819	10000010849	10000010851	10000010857	10000010873	10000010939
10000010947	10000010953	10000010971	10000011017	10000011037	10000011061	10000011079	10000011103	10000011107	10000011121
10000011137	10000011173	10000011179	10000011187	10000011191	10000011193	10000011211	10000011227	10000011257	10000011293
10000011311	10000011331	10000011377	10000011379	10000011383	10000011407	10000011443	10000011481	10000011487	10000011499
10000011503	10000011521	10000011529	10000011559	10000011569	10000011577	10000011683	10000011701	10000011731	10000011761
10000011781	10000011803	10000011839	10000011841	10000011883	10000011887	10000011907	10000011929	10000011947	10000011977
10000011991	10000011997	10000012007	10000012019	10000012027	10000012039	10000012063	10000012073	10000012079	10000012097
10000012157	10000012177	10000012181	10000012223	10000012229	10000012259	10000012301	10000012327	10000012339	10000012409
10000012411	10000012441	10000012489	10000012507	10000012513	10000012541	10000012543	10000012567	10000012591	10000012621
10000012637	10000012661	10000012699	10000012717	10000012751	10000012769	10000012777	10000012787	10000012807	10000012817
10000012819	10000012823	10000012831	10000012843	10000012849	10000012859	10000012909	10000012927	10000012961	10000012993
10000013011	10000013029	10000013039	10000013041	10000013059	10000013069	10000013081	10000013123	10000013137	10000013141
10000013159	10000013167	10000013171	10000013197	10000013213	10000013239	10000013321	10000013323	10000013351	10000013357
10000013369	10000013371	10000013407	10000013423	10000013461	10000013483	10000013497	10000013503	10000013509	10000013539
10000013561	10000013591	10000013627	10000013677	10000013687	10000013689	10000013707	10000013731	10000013767	10000013783
10000013801	10000013813	10000013851	10000013873	10000013897	10000013911	10000013963	10000013971	10000013981	10000013983


1000000000039	1000000000061	1000000000063	1000000000091	1000000000121	1000000000163	1000000000169	1000000000177	1000000000189	1000000000193
1000000000211	1000000000271	1000000000303	1000000000331	1000000000333	1000000000339	1000000000459	1000000000471	1000000000537	1000000000543
1000000000547	1000000000561	1000000000609	1000000000661	1000000000669	1000000000721	1000000000751	1000000000787	1000000000789	1000000000799
1000000000841	1000000000903	1000000000921	1000000000931	1000000000933	1000000000949	1000000000997	1000000001051	1000000001083	1000000001123
1000000001159	1000000001197	1000000001201	1000000001213	1000000001243	1000000001261	1000000001263	1000000001293	1000000001303	1000000001339
1000000001389	1000000001419	1000000001443	1000000001491	1000000001509	1000000001587	1000000001591	1000000001621	1000000001641	1000000001717
1000000001771	1000000001773	1000000001837	1000000001881	1000000001911	1000000001939	1000000001947	1000000001953	1000000001963	1000000001999
1000000002059	1000000002119	1000000002139	1000000002143	1000000002167	1000000002173	1000000002217	1000000002227	1000000002277	1000000002341
1000000002373	1000000002403	1000000002431	1000000002493	1000000002511	1000000002587	1000000002613	1000000002623	1000000002637	1000000002667
1000000002679	1000000002713	1000000002721	1000000002739	1000000002761	1000000002803	1000000002821	1000000002857	1000000002871	1000000002889
1000000002901	1000000002973	1000000002997	1000000003027	1000000003031	1000000003043	1000000003061	1000000003087	1000000003091	1000000003129
1000000003159	1000000003187	1000000003237	1000000003259	1000000003273	1000000003279	1000000003283	1000000003367	1000000003381	1000000003427
1000000003463	1000000003543	1000000003553	1000000003567	1000000003571	1000000003579	1000000003619	1000000003669	1000000003757	1000000003789
1000000003799	1000000003801	1000000003841	1000000003843	1000000003859	1000000003883	1000000003889	1000000003993	1000000004023	1000000004053
1000000004099	1000000004153	1000000004161	1000000004183	1000000004191	1000000004207	1000000004239	1000000004257	1000000004261	1000000004317
1000000004329	1000000004351	1000000004387	1000000004411	1000000004501	1000000004581	1000000004603	1000000004609	1000000004657	1000000004669
1000000004681	1000000004683	1000000004711	1000000004719	1000000004737	1000000004749	1000000004777	1000000004803	1000000004831	1000000004837
1000000004867	1000000004873	1000000004891	1000000004893	1000000004953	1000000004959	1000000004963	1000000004989	1000000005041	1000000005073
1000000005077	1000000005079	1000000005131	1000000005163	1000000005269	1000000005317	1000000005379	1000000005383	1000000005439	1000000005491
1000000005533	1000000005619	1000000005647	1000000005649	1000000005671	1000000005677	1000000005707	1000000005709	1000000005713	1000000005721
